$ANSIBLE_VAULT;1.1;AES256
37653236613731333633363261633563333166363036646263373531393634386361643030646633
3534666132346630646465303661346135653933646137640a646665303438353666666438366561
34663463363637626430656532366433323364633361393839353033306134656435643631313636
3164616165333762630a323339633033333032666664663932626561363066316636633531343862
34666562303665636162346464323831613638646232393765386331383764613066636261356239
37313837326132353364356338323333306137663564353833616531646231643761326563333833
64336433313033643939333363666333346466653363383933633032313435396261373264393038
33383564366437623938646136643233333932386466613939616634613365623865343838323465
39646164346532666163373163316530626161343836366161366261383562343135363466626361
64353832343238653434353166396332626639656232303066343735306339623566366131336362
62393761623437616261353839393533666365393639383562313563646331623435333364356238
61353139646334333939333136626234376239646132303465323863383036643030303763613231
31386363373065623738626435656432393163373031616364653732333361613338343833663834
66303339343937353366353034613632343563383936366232386435346563333862623433613461
64326238363237376437326561653536303266306335393033643430326133303430663037313266
33633837313133623837336162343461313636306661616662643362316363303638613139366634
38306335343236346130356464666437643562363539643035353564303264613733396563636432
32303638323136373435326161643563356131373330623733343763323937616138643462336161
65356639383134306233653163316535373231333730373331633135663031636238626466326636
33666161303437363764363336643564326633623331396638616165323539643834626630663431
61643133626661366634396134333337386235643831376161353932383738623366653335356564
61643932323230383134386439386639643766653566393166333138376464646437316638326131
65373639623765613539613838363932306266326336646565636561613431646439363063616639
34373634356538363464333533363531623833663836623364366665373166396130313761653938
62323038666466376439643734666261336332356563653636363330373561373032653936633639
37323835653862343764643335366462653266326261316337303331393932363936363939663665
33336332323563653339623564623462363266663662373433363563393136663730616339356461
36333736393633633364393962616531323763623731323731663530663663353661643833653265
65353531613538636430316563623438633734313835636662653737313464383364333664393337
32623366373332663632303135383639383762633637363338313937323865376131663665353036
32353865383733346438366362386236343366346330306331653637323736376263636138396239
31643338333162373934656337393337636333313438653163613631383936653235356462323239
64666632653839653631643233636262363066343633306434363930373036666436333366626565
39346537623635666631306264343231643838323965303032633739613765353262383466643564
31653039326332343463663663356664396465323732656634613937346636326337663935356363
39366138393332393363336234623632313566353963373531333966653236653661336630313738
61323931346535663235336134623766303030323266643335316237653466636438653766626438
62363639336333363238326532363164363166666430303164396232316162303031666436363363
33373731306433616433306161666136353136303861326661396238616463323264356463343861
65373634333064633663386534613535623439306437333939396564636636666633643238646262
62343738333264383239346261653230646439336266393138356132393038313236326562376662
65663436383230656233626162353639313264653264663537343633626239623432396632663134
64356638336531386462336366373238376631663235393535636263383234383363626263646163
65346137383464346332326236393831633632656331656536396139656632613031363364356564
63626238366434356364383138383031306465633265653234643764333336363063666538376232
30633031356432376464326136333730353037663764336364333630373431363333366562313365
32626133663239313232376366656438366564633962306331616236633839623231663732633639
31356531643062373065316131306130653731623835323737356263383839316466303736396234
36386364663064373039613365653566376639323631343462633134653038363832666138373763
64373133393566626138326538366362363838393830643162353230316463343132333933633839
35316336383238636264613361363037333962613463323535613466356635613932643635386263
61626564366132633633313963653661373331363062616338666537316137306639376330363935
35373437393463356230656135356362666433646239663138326163613539383532313865396131
36373534653862343730613632343934313336333132353763313738336564346239653064303062
65643538326164346466626330623466373262626436353333626436303466343337656631383463
39353739383333363936316161346234656164316133393665653834356131663937623063613738
32623536666162333036633763393463623434633632356538336434613832343531383831396335
39303238656632313132306335316639313865376136653431643632356539306234613139623439
65666566323131613635313966623134363738646662663432346536663939323733623030313938
33636432343833376666383535633263646537653065396665373330393966383662646537323333
34643764363765396364373130363437376666396232633537646437356537393336376439376530
30303062373461326164306630613765663065623138623166663566643461656433376531643439
62613134363333316565353862646561643964353032366431663238333834643131353230663135
30626331323966346639373632386465323430363566623836323161323938373237623430356136
30363732656134643263636461383561313261383961353438306631383466343531653061613464
31336161313362616539313064623137313364393562323065313861643735303361343934373662
65336630313462616430613933396361343537316532616438336134663531616661636336373236
32623039396338613630653839646237653362353835626363636364346266356564313432623638
61636339663032326130643733343766366239343835643932316233333839313336373534383730
34633934393061636162316365633166666663636231646366396466623064663765626265333639
62616339363763353866643764663933303965363366616137366261666335623237653365666132
64316361633961616466646136326538346131363934333665633031633637613964313830666461
38626232623564383761666665343735343666333631383535616235623832343338316232333263
62653065383966333266663463333063323130653263383339366231333331656531623034326630
30656137623236363535356264353935393831313566356464623866323266633236616438333532
31316135613937363965336166643164613032333030626332303965613932356535663539396136
39386466343634613532323936353733313434336664663736373133646161373234363138653535
36653766306562346432633461643965643830303563393161643062623937363866353032306634
66333339376231646566373661613462323434633335663034323138363466643437633938643039
38626263396461656538626131613336306265383964343462346164386133616363333237643536
64396634356139633731656331313436663231383932396462643061313233356265393861653232
62646531643761396639313562356464363138303237333561336635633038333130316664333261
34316433633965333464373234333563393866666364616563313364383332376431623066623366
64376162663661313563383936623239613238613338643532613635633933336134333764653630
38623864633334393433653439323464616236326539653237303730623535353731643065633166
35663564653331356230623962643134306461653939373866336230356363373563356566316339
64383330306536346461623030306665623731663462663739316237373037343830306633306138
39636438346536306336633235663436333534383464323865356235376633623733616232646631
31396338353138626636396335316635353462646561353331343463623038393635333535353864
30363566653234376365663730306439313033366164356436326431643264623538386463366134
30346333363032346261393763383165346431363036306563386233336165353337303133316130
62363439376330376166346461393263346562393832626335623736636362666537633463356234
35613531623234323737323632353165666436343162326666643035643636326664383030353464
31636164663033633236333830326461663933363930333466643963306139653530613936353439
33613633303466363330653963393965303430626534633233313761646364343733336239336138
64393661373566363637643561616537323738333736336565383738373733653565376663663966
64373433663637333039316565623636613166356636376337303461626666313064323735616537
33646634383166333431366466343366386231623466383565383538626663616337396636346638
62323239353036633738666166373063383533396637613138623363373939346238646461663038
66313763373635323937313362393639613035633463623265363134636463303038303166613936
64623839646134363636643161333634653630353239666235303636326634343733613866346639
66303363666430373266653261363962663531626663313463613164363561633965633530326464
61323861643636653939663666373361356333653837383835316635643236616538646466336235
32373964616164333664636137666164313831333631616133613237306561346464333332326161
66363535616534613764373633366237373135366265623031363861373238386266333235373332
64383434366131323766346333313465316538653830386365633164333433663465343834643839
31383566363334633538653762313638663434626363663766366339653665376166616161633337
63353932353565626636313766353834323164316130316262356434346339356464636663376530
64343734633764623334613832303664316130363462373538353731386131643934656433376439
66623130653331643933376366343930343636396331303531343132623061663038396461346232
39323064356238666233646561383964343661366162383135336566656332616264313438653161
64366336333431333063343062663532383232623532353339646666383064303762616263663331
63636563626461646539643032343962343335383062363264623936396561303636653031383835
63383630376236333834366566326537306533613032363032383932343335653362303037373938
66613537316261333237333261326536626565303639663131306164313331343430663365636462
30303135623032363933343035353737623136303837393336636136663037363163363437323636
37623532663430653033623936316638663936393139346663653963386661623437646430373262
32343830373734393938383037646162366336363862383861333530316664623638616261323965
33396438323663323463343239356165383566323961356330393538613533393964343262643938
66306161636234663862613639343166626265636533666633633133323739343362316638343632
38636431323931646239653861313933333836646632336531333233613838316337366131393531
35323062633438383063333862326530343734613033336135393163353862326464383837613231
35306536386339393935353036626239633965386665386463316261613666623366306634366363
62613466336434303936383564313539326365303637616434353433346661353333623131353238
64373437313139333834373739636332643963623630363831626366306130366439646363326466
36303662306335383563353939363661386435383039306362333431633461396232303537623539
35636633633166353866303961316238383436373939383066636162336137323634633032623063
62656633656364643936666636346231626337356133356330383162613566313932363562623531
31363164393139383634613762303631303266306336313964613261336532333762356437656664
39303162663364643136623331333161356337356162353962643934383465366331303436343362
66323263643538623965373262663734303562656335393662353933663133636439626161303036
34383064313736626333353337633539376361363936616165313064633164336662343938323461
34316164326561613634383166373432373233663230666164666435646639353962613830313537
34303832303139396661623137346234643762386335356334653537323962613533633035623364
32353432306138363261306561613263333932646631623062303737373539313438626165313062
66643030303735646666343433313165633434663564313636376432656537653366613434656335
33363237346563363135373861623835323566323561333835383664323432356538373961326137
64656639303939646365346265626138656133363635646264666466656439393330333935393531
35383465353932656264333934353633323264313261323966313636343932353230333231623364
63623038333030353362343039386334353633653037646264363735326233653433333132306565
62666666663939643930666565356434353630636630373033613563653733313464633931343562
30633531336164363964326337303564343539626237356537303662326238353065346161373133
61383561663133303533303936323837393463633263383236653561663861383464323161356237
37656631663632333866373130306230306564613135313663613734373264613364663462613835
39373232333436663733623265366130616434656534646237656337663430613735666635343736
65326431636265376364376435636133323832653036646166636634643735623232663933656266
65326561383965633438333632643432363264363537396230666537303533373461386536376164
34346333323938303562306365373533376532623435323662633532326262396463376230316533
61636234323532353063386431376130363930666631636434386638636630316133383635333736
33633765313131633537363263353432646138373565373665333865666262373133636535353138
31346233656436633462663066383866376564366430336339396531656566616662303637633062
66336539343330653066613830633061383861303866303364303062313035366537396435353466
37303735383939373464306564323933326461656338393364626162656462643565313166663438
34333262386634393165633030623061373364366562623131396163623065373433356266633732
66373562643065316464386338653664643666396565313264353133366631626130366230616433
39643632643965353864643137366335663361313335653061313339653333616434333932373231
33643130623039623732376538303264313734636436373032383231653565326466313562366337
31333437633462313766653539336636643639316231666464326337643238626137396532636431
32373635303762373337653232303633343964353863363634336330373736363865316233346434
65616438393839313066393363656664613966663431356161656431633762303832663739386538
39623166366364393065343665643834656166363264343337396638623462313061393564353662
31363033363636643131396664643163633564383765326332313330303332653662346666333834
65396333643137613065303737333732336162653439346237373066656337393561663936356136
38623738323437633363333930393563633131363464376233343263333063353330643434616534
34343138323264343137393230306135653266323332643435653833366132663565363561363863
61313432666131313731663630333862643838343739306366343035323733323865333263653364
36343839353866343561323961336434346133616438663661346336656138373230353564343731
34376464373263396432393531663431336162616239636139646266653564663631306464643337
37376536636663616432666530373439353034393638636133326662313836643963333162643637
31303264316335323366336564376533663364333965323864363563303163646563646138396338
33636536646534643164386130313964373663623161623064376437373734653736663839656239
39356539313261616566313138613065643339363733623765313837313266396362306231306266
37613136333361646262333237613262346531333662646439383537663939663338313264396366
34313733373139643130336439323336613962326361623433366230626136653464656136336637
62623334663132383537333865623436303533383562303762313536396535393066626236653038
35386538633465336137383064346236316337353066393932333961613061613366646433366432
61336334323437636338636130346430323462376238366131646336303265373138386435386430
34383937343334663931663932613036663932346433663631373765383234363666393732643437
65316231663631393531386131316562363666356461336461613266396637356165396431643231
65616534653433353031643833383861326361363937333132616233346136363136306632386238
34653535303933623261313461656464386638303333616366633362346332343566303033383133
65393635313533623264613865393764343962623831316434363962376666326139333839326630
31366631663764326131396661383434623730343561663031616234633035313534613931616635
62326638613130663864363130636361376638303234323966366637366437666364333962346330
37643936333836326530333636363433306632646366623164383335376165313339393337386538
35633530663033653637636330643963313462376635306436383838316136663435643236323436
63333764363733333531313937613539643766383338396463336135323961396663613038383330
33396332396663623737373536383839326265616434393833623235613538363835333936396532
35663666383931623537323361653938326137653737346365613534383866323962396635653836
37393332616266316362383361633163376562343966313732646566346336343039316561323465
61613437383832386638636635323533633339633136343261333833373139323666663666653161
35343239336134653439393135373665623638303162333430643036383038343563653337363132
35353032303030376232313362656364303834353033663630366434386430633066333766383333
30366563656366393834363163626566666439653130306637393332646133626264323333643561
31633930623864303031313232626335313833653433393533636337633332316137356534373163
39613163393262303636643764616464383734653932356137323238613565386235396466336663
66656237393964653334353737633734303031383462303661363264343861316632653564363337
63623231353734623333363762633361383861306134636661643534393432316661666630303965
61616634313634643737636264616439363066653963623838643366626163353138663365313462
35303639636134616134363566303639376461306639333231353563663065336333356363613536
31623530623733613166323239346561626539646634613833363865383437633463393364643863
61613735666563393333353032313331313563346463316638323632366435666539353536386265
61623338353663303466346430316661653235313936633033633762366431303734306666633537
31343931666438393832616133323833343836646532363437393130323030353066303063653235
39353839636636623263653463616265373162326137666666343332353866656463616133616161
62313833323165383236363334393737376431346538616632386663353362326337333538643737
35666532353732373539396535303333346435326463616238366164393939633464616531616531
33666230636436613637386561643437613931313835626463313335626238623731353762663865
30633166653533306236353830643134396633383861626130616666363633633564646337636564
37633138346263666661396538636563646138643735613536346638613865663430326236383062
66663765646333613661366335343436616135363966386636366638396161333132303233393435
37373762306538376362663237653062633063386235333763313765356533656464386461383766
31303661633364626133303830323666303237336565313538383266616136336639633737376536
66643032393236663865303932366130623937356363653266383566336363326463356166613364
30646261666632643062313263626662326561656530626362303936363238396131663437313462
30326531353363363833663132333137643435373063333532386631376637353765313837373263
33653234646435313063616234396438313330393565656330353238346163396530663536343761
32333061316132306362396565326338393333613464383834633064326263613461643033646330
65343862323333356536326564303630353937306230343337343664666438653563313562373833
66366535623533623165613464373066393038396230386636353066633231393433326538353335
33623838623435333438643433333363653564313539643034333436356564326135353035663833
34663632643535633730373734633535616134326433326239366631653136376536383265316436
64626537666139353930383837346230383931653231616236303739396336653733623166373765
34343734626430616230306233376463623436386633346362356464383030616439373233363030
31363366323636383961373861366665326133356535356538646333393261326435656531643334
65623434616138316339646662396638313563383864643762666533303834663763376130343535
39393063396435383336316231383935373434363364396131373736396366343131336636363430
38613866613366623936316261666161333936646631616464336365353732313563386135613262
30613761653637646431613233353839663866393765346230623862313638306338323637643633
31353736656565393936303064373166393936383365313432326235373763356265633965653831
39353066313635656134616534663436343161316632366661316537623766343565373737313834
64336237343531326637396136353362356666383030643466643265663838326638303261623162
37333461343561643730336566396261383431393735646461316333323062386334616566666465
31343236613733346236373439343035393030333564653037656436346664363864316266336565
38373962373461316464376538363863316433336161336138633163326166306434643031656237
31633637333263303733313139393865326163343134353436653437623465373764383237386339
64333238636435303631656431316262356364366461376636343332386263366433343563656531
62366632663834393264363737376530326337613235623433366265376634616437383663306237
37353033323730363735623164323433663334633236636633613362393535316430303530653666
37373337313962303835663566316332346662383065613761356565316363636531613265356430
38343161393366643137613430663331666134336531326130376536363334626264663731326637
66343030323864346665386638316637306366333633316333613862643864323361656566333665
64616434626633393666306236663466373731653262613730393963333563316261316165356363
37303632653938343162666237383064346333383437313164363531333930633539386164666134
34333062373631633438623537623430326136343732373038633765396531613430306436633430
34313639303633396136366562653862643965313562386434663330373532366334643664613666
62663039343237366666656330383961643165346237306262643937653439376238666230636338
33343235373861346663336431636536373737646235353131356263616535636663376462666265
63383335343265373765626535633566333634306134646533323662323463636236656639356631
61353462633534623239303532653766343461346536663932643965313039333334353966373535
66393834323531303239356664653632303161383263313032393337396132333866653633373433
38363137353465393932393362636262643334386538396431326337663536363764666564383333
35613237333934646163653539303237626231356239316261363537356462393531346263316433
35386662303931363165663933633939626133343339353963383262663737366131656336393934
35366265316434643738383466663363366239306635653766646639623762343635303639626163
63396166353234326365363362636163646432313238366335623336346565626263646434336665
31663238323739346330366233316366366638306466623764393730343565326436303232636264
35393537363034636466616665326533343539626661353133616436306661613130306339323661
36383339313261393134376139376639653937623837346631313939323234366235636261646133
35343861366335326366316339616366313637383238333939633236623561313133323435616461
61633963363733636161376166316235303139643261373832363139353230643864343839646138
35656166656638373266353237653161393063623737306533396437633231613938303031356163
64313631373433653133336663383962656637663132643035363465613831336538633630396664
62393138303361346537626665303031376163363837383863616433313739646538363163373031
61633134356162306337373537653665346465623964646137373236653837643765613265623730
31636637373930613765613836666565363735313763616633366235666430623935323566366534
31666334356135653535316535376131626431333733616237343863613337663134376562666135
65363838333637336365326236653830333933393138613064363062623064306632323735663934
66323965613733636261323335336164313136343732663739356237356263636531373965643430
31323531386234386465656236393939363930373036656266653466353132643766616661386664
64666364663862633161323534656234323863666635386162393063353836396136376533383631
63396134333933333734363736646662363565396631396638363264343965313461626562653738
30346534393931363862306536336538616433643433366437626338643934343738323731393134
63633937663537303136356637306233343631366263336262303032623664633966393063646463
35336135663936613838356565656432306537623163373564366535663234633263383232656336
38633665616232336265366339643861663362386535353065353230633366386163333364333830
65346437313561663265386463306537616138343131616663666461653538313430633465646238
30353038383332383465353938623534343934373230353366306661313861383766396166623331
30393135336230326134666133383065356335663861666661346336306262613535396337313837
64303265623364343438373436646363636466626365376332633431383731343432653130376263
37623865393839653231623436353330366133636531643265333139626238643830633663643738
38343331313966623438356533396135333264643461396664386639306433613363383062613831
38623938303064643139366638633763346233346239613930323938653762646138396462323961
62396330353937646630376263636235646430646563373137323763656630383334636232653031
38646362343031363364306538393734666263613130386361656362653561303164613261366365
37613636623835373532616532316235353533643437353534376537623662363862646336376531
31373133336231626161633138386630386631383565373336323835343864313864373034376463
63356336346663653131633462366265336566623734366633666331616439376462646237633435
35326436313035303866316561343337623665373437393038376630326434383633323136383530
61366433623534373833626265346237353563626435666636643961626662353365363538366536
63356537313133373033623966636265363765616164626562643761633061393431326364306236
39393837316463313235313639643331616539663365316430643732633735373261353634333134
61353932623636636233306634383938636532623466633162326565303130373763333935343966
61313861346235373464363433333365663138643562393832323331343137363364316531613835
61373066656663663162313837333066633035343665643039323363386161336636653164333939
63343539613836636663326539626635613264333434653638393066366466356535663264373333
36623262313262653533306433393237303539613330396664393037353432313366336561393566
37366161656361303862383263306363373138376262396537663930396466636565363536633738
37386236303636383130636365303766383030616536336166666539383562343638353737376632
36336465346339353331313361666431613837633637636131613962353563303137353534636636
31653439363866393465613535353635346630383135343331613637386362356135386661316439
66306137323332663266383961383861656139623230393234613835623132323066363964646130
34323265326666623362366633356534343838303733626339666634633636306135656330366366
64303239383335316236373662613533303563356461636236643838613833303436323137356163
34366139356237656438623866393064316165303732613535343463363336653031646437633735
35633139306463633262323661303566363035666262623039373936323930363839616234396631
64323265373936663336386238666237633263326332383535396138393437313733333637393930
34393639363935343761653337343239316162343834303266316535333534393635383634393665
32313136303438643364313839396565396233396463353236383862323531366366303337663962
65613864333237303637633637313732316631396631646233393633616430393936306536316136
31353234373465376331633530303764373636323864303835666263343562646562323262616564
33646666633130343133626130383064323632376134616462646630663936316135646230316461
66336232663061393433653037353665323061333361303461343033306339396537656162663030
66636430336261363234333662356638346535373031666136333164386361396266643632623338
31376132306236363862373638626564623666646133333431393833303363393864316662366532
37623135616137386535626635366631623731613366393834623463353764613861353934666339
30306262613234363736323233626538356231353736623765363861643865653766313934363432
37396630613136373831303964303431616336373239313665656365613864346365626462613332
31376361346534333934646539363136313736633236313536653936663162376535356161653332
62613336663965333538346338316633656531366235663934356439346363343563386662623466
37386432636133393262386139636130653338626639646530666539663461396233616666666435
35346661363732633133653262633031353135313561343739343432646533663839386235343336
30613736303465613137323061626536306164363834613733653065333732333635376335353636
34303130623638343865366538643431656335303438386262313838373262616433343239623136
30366238396435656164366534386462613531333335393737343135666535376462666137633966
30613734616237313761323731363863653166333936346633653037386232653331633238303266
32376632376438643463616336316333386233386261373833643963616564316530366365316261
30313430653534386362646366366238376563333664656136666662386137376131623738363737
37636664633533633031333632623164623366656566316435623837366638343861
